 1.00045     0.00496
 0.99697     0.00557
 0.99135     0.00658
 0.98521     0.00770
 0.97856     0.00894
 0.97142     0.01029
 0.96383     0.01174
 0.95583     0.01330
 0.94750     0.01494
 0.93888     0.01665
 0.93005     0.01843
 0.92105     0.02025
 0.91191     0.02211
 0.90268     0.02400
 0.89338     0.02590
 0.88406     0.02780
 0.87473     0.02970
 0.86541     0.03159
 0.85610     0.03346
 0.84682     0.03532
 0.83757     0.03715
 0.82833     0.03896
 0.81913     0.04074
 0.80995     0.04249
 0.80079     0.04421
 0.79164     0.04590
 0.78253     0.04756
 0.77342     0.04918
 0.76434     0.05077
 0.75526     0.05232
 0.74620     0.05383
 0.73715     0.05531
 0.72811     0.05675
 0.71908     0.05814
 0.71005     0.05950
 0.70103     0.06082
 0.69201     0.06210
 0.68300     0.06333
 0.67399     0.06453
 0.66498     0.06568
 0.65596     0.06680
 0.64695     0.06787
 0.63794     0.06890
 0.62892     0.06988
 0.61990     0.07083
 0.61087     0.07173
 0.60184     0.07259
 0.59281     0.07341
 0.58376     0.07419
 0.57471     0.07493
 0.56566     0.07563
 0.55659     0.07629
 0.54752     0.07690
 0.53844     0.07748
 0.52935     0.07802
 0.52026     0.07851
 0.51115     0.07897
 0.50203     0.07939
 0.49291     0.07977
 0.48378     0.08012
 0.47463     0.08043
 0.46548     0.08070
 0.45632     0.08093
 0.44716     0.08113
 0.43798     0.08129
 0.42879     0.08142
 0.41960     0.08152
 0.41041     0.08158
 0.40121     0.08160
 0.39200     0.08160
 0.38279     0.08156
 0.37357     0.08148
 0.36436     0.08138
 0.35515     0.08124
 0.34593     0.08107
 0.33672     0.08086
 0.32752     0.08063
 0.31832     0.08036
 0.30913     0.08006
 0.29995     0.07972
 0.29079     0.07935
 0.28164     0.07895
 0.27252     0.07851
 0.26342     0.07804
 0.25434     0.07752
 0.24530     0.07698
 0.23629     0.07639
 0.22733     0.07576
 0.21841     0.07509
 0.20955     0.07438
 0.20075     0.07362
 0.19201     0.07281
 0.18336     0.07196
 0.17479     0.07106
 0.16632     0.07010
 0.15796     0.06909
 0.14972     0.06803
 0.14163     0.06691
 0.13369     0.06574
 0.12593     0.06451
 0.11836     0.06322
 0.11100     0.06188
 0.10389     0.06050
 0.09703     0.05907
 0.09044     0.05759
 0.08415     0.05609
 0.07816     0.05455
 0.07249     0.05300
 0.06714     0.05144
 0.06211     0.04986
 0.05739     0.04829
 0.05298     0.04673
 0.04886     0.04517
 0.04502     0.04363
 0.04144     0.04210
 0.03811     0.04060
 0.03501     0.03911
 0.03213     0.03764
 0.02944     0.03619
 0.02694     0.03476
 0.02460     0.03335
 0.02243     0.03196
 0.02040     0.03058
 0.01851     0.02922
 0.01675     0.02788
 0.01511     0.02655
 0.01358     0.02524
 0.01216     0.02393
 0.01083     0.02264
 0.00960     0.02136
 0.00846     0.02009
 0.00741     0.01883
 0.00644     0.01758
 0.00555     0.01634
 0.00473     0.01512
 0.00399     0.01390
 0.00332     0.01269
 0.00272     0.01149
 0.00218     0.01030
 0.00171     0.00913
 0.00130     0.00797
 0.00095     0.00683
 0.00067     0.00570
 0.00043     0.00459
 0.00025     0.00349
 0.00011     0.00242
 0.00003     0.00137
-0.00000     0.00034
 0.00003    -0.00069
 0.00014    -0.00173
 0.00036    -0.00277
 0.00068    -0.00381
 0.00110    -0.00483
 0.00161    -0.00585
 0.00221    -0.00684
 0.00290    -0.00782
 0.00367    -0.00878
 0.00451    -0.00972
 0.00544    -0.01064
 0.00644    -0.01155
 0.00751    -0.01244
 0.00866    -0.01332
 0.00989    -0.01418
 0.01120    -0.01504
 0.01259    -0.01589
 0.01408    -0.01674
 0.01565    -0.01758
 0.01733    -0.01841
 0.01911    -0.01925
 0.02101    -0.02009
 0.02303    -0.02093
 0.02519    -0.02177
 0.02749    -0.02262
 0.02997    -0.02347
 0.03262    -0.02433
 0.03547    -0.02521
 0.03854    -0.02609
 0.04185    -0.02698
 0.04543    -0.02789
 0.04930    -0.02881
 0.05349    -0.02974
 0.05803    -0.03068
 0.06295    -0.03164
 0.06826    -0.03260
 0.07398    -0.03357
 0.08012    -0.03454
 0.08667    -0.03551
 0.09362    -0.03648
 0.10094    -0.03743
 0.10861    -0.03836
 0.11658    -0.03928
 0.12481    -0.04017
 0.13327    -0.04104
 0.14190    -0.04189
 0.15068    -0.04271
 0.15959    -0.04350
 0.16859    -0.04427
 0.17766    -0.04502
 0.18679    -0.04573
 0.19597    -0.04643
 0.20517    -0.04709
 0.21439    -0.04773
 0.22362    -0.04834
 0.23286    -0.04893
 0.24210    -0.04949
 0.25134    -0.05001
 0.26058    -0.05051
 0.26980    -0.05098
 0.27901    -0.05141
 0.28822    -0.05182
 0.29740    -0.05219
 0.30658    -0.05252
 0.31574    -0.05282
 0.32488    -0.05308
 0.33402    -0.05330
 0.34314    -0.05349
 0.35224    -0.05364
 0.36134    -0.05374
 0.37042    -0.05381
 0.37949    -0.05383
 0.38856    -0.05381
 0.39761    -0.05375
 0.40666    -0.05365
 0.41570    -0.05350
 0.42474    -0.05331
 0.43378    -0.05308
 0.44281    -0.05280
 0.45184    -0.05247
 0.46087    -0.05211
 0.46991    -0.05170
 0.47894    -0.05124
 0.48799    -0.05074
 0.49704    -0.05020
 0.50609    -0.04962
 0.51516    -0.04900
 0.52424    -0.04833
 0.53333    -0.04762
 0.54243    -0.04688
 0.55155    -0.04609
 0.56069    -0.04527
 0.56984    -0.04441
 0.57902    -0.04351
 0.58822    -0.04258
 0.59744    -0.04162
 0.60669    -0.04062
 0.61596    -0.03960
 0.62526    -0.03855
 0.63459    -0.03747
 0.64394    -0.03637
 0.65333    -0.03525
 0.66275    -0.03410
 0.67220    -0.03294
 0.68168    -0.03176
 0.69119    -0.03058
 0.70071    -0.02938
 0.71025    -0.02819
 0.71978    -0.02699
 0.72930    -0.02580
 0.73879    -0.02462
 0.74826    -0.02345
 0.75769    -0.02229
 0.76708    -0.02116
 0.77644    -0.02005
 0.78577    -0.01896
 0.79506    -0.01791
 0.80431    -0.01688
 0.81353    -0.01588
 0.82273    -0.01492
 0.83188    -0.01399
 0.84101    -0.01310
 0.85010    -0.01225
 0.85916    -0.01144
 0.86820    -0.01067
 0.87719    -0.00995
 0.88615    -0.00928
 0.89508    -0.00865
 0.90395    -0.00807
 0.91276    -0.00754
 0.92150    -0.00706
 0.93013    -0.00664
 0.93864    -0.00626
 0.94698    -0.00594
 0.95509    -0.00567
 0.96293    -0.00545
 0.97042    -0.00528
 0.97752    -0.00515
 0.98417    -0.00506
 0.99034    -0.00500
 0.99603    -0.00497
 0.99955    -0.00496
